8
12
18

-500 -500 -500
-500 -500 500
-500  500 -500

-500 500 500
-500 -500 500
-500 500 -500

500 -500 -500
500 -500 500
500 500 -500

500 500 500
500 -500 500
500 500 -500

-500 500 -500
-500 500 500
500 500 -500

500 500 500
-500 500 500
500 500 -500

-500 -500 -500
-500 -500 500
500 -500 -500

500 -500 500
-500 -500 500
500 -500 -500

-500 -500 500
-500 500 500
500 -500 500

500 500 500
-500 500 500
500 -500 500

-500 -500 -500
-500 500 -500
500 -500 -500

500 500 -500
-500 500 -500
500 -500 -500
